M 0 15 0.3 4
R 0.0 15 0.3 4
R 0.2 14.9596 0 12.0568
R 0.3 20.0967 0 11.8304
R 0.35 20 0.5 9
M 1 5 0.3 21
R 0.0 5 0.3 21
R 0.3 4.92701 0.5 17.9208
R 0.35 2.93891 0 11.586
R 0.4 31.8745 0 12.0481
R 0.5 51.4258 0 10.9714
R 0.75 29.9572 0.5 22.0089
M 2 56 0.3 29
R 0 56 0.3 29
R 0.3 53 0.5 28
R 0.497543 52 0 33
R 0.539679 53.7815 0 35.4434
R 0.69999 55.7688 0 35.5284
R 0.719284 52.6207 0 35.7181
R 0.738397 50.7568 0 35.6661
R 0.787526 48.7568 0 35.6609
R 0.868256 61.9025 0 34.0441
R 0.933508 70 0.5 28
M 3 133 0 15
M 4 77 0.5 10
M 5 20 0 35
M 6 35 0 44
M 7 30 0 4
M 8 33 0 10
M 9 54 0.5 11
M 10 14 0 27
M 11 35 0 23
M 12 49 0 13
